Method,Peptide,Score,Improvement
SA,WFRWWIDQRWFR,-40.989564876582484,31.98504246314428
SA,WKWRFWIHIRLW,-36.593504222791644,26.10592250783161
SA,WGMRWVVFIHQM,-44.81946071839788,37.4422223008603
SA,RKRMWWQWHHRM,-43.756645694946585,34.324430859301955
SA,AHRLWWQWHERM,-44.52772974254231,35.63860963228625
SA,WMFRHMLWHVMR,-38.56522148334106,32.05411775440334
SA,WMRWWQLRMWFR,-42.17938367218368,36.84283777097693
SA,RLFQWWQWHFRM,-43.700069016224816,37.75619026361048
SA,WWMWWQLRFWFR,-42.52157063753509,34.2517770502414
SA,WWIRRGIWQGMR,-43.89715266871635,31.8910776569678
ILS,WWWQWIHRFWFR,-42.55795669555664,33.55343437194824
ILS,WWWIRNIWQQMR,-44.65269470214844,34.16511344909668
ILS,WWWIRVIWQHMR,-44.89680099487305,37.51956272125244
ILS,WWHIRNIWQEMR,-44.8968391418457,35.46462440490723
ILS,WWRWRIIWQHMR,-44.403480529785156,35.514360427856445
ILS,WWWQWQLRFWFR,-42.7206916809082,36.209588050842285
ILS,WHWYRFIWQQMR,-44.27531433105469,38.93876838684082
ILS,WGMRWHTVLHQM,-44.0423469543457,38.09846782684326
ILS,WWWQRVIWQHMR,-44.64044952392578,36.37065601348877
ILS,WHWQRGIWQGMR,-44.726409912109375,32.72033500671387
MOCO-CEM,WHWQREIWQSMR,-45.34385681152344,36.33933448791504
MOCO-CEM,WHWQREIWQSMR,-45.34385681152344,34.85627555847168
MOCO-CEM,WHWQREIWQSMR,-45.34385681152344,37.96661853790283
MOCO-CEM,WHWIRGIWQGMR,-45.27292251586914,35.840707778930664
MOCO-CEM,WHWIRGIWQGMR,-45.27292251586914,36.38380241394043
MOCO-CEM,WHWQREIWQSMR,-45.34385681152344,38.83275318145752
MOCO-CEM,WHWIRGIWQGMR,-45.27292251586914,39.93637657165527
MOCO-CEM,WWWQWQLRFWFR,-42.7206916809082,36.77681255340576
MOCO-CEM,WHWQREIWQSMR,-45.34385681152344,37.074063301086426
MOCO-CEM,WHWQREIWQSMR,-45.34385681152344,33.33778190612793
